01/2014    5,263,473
01/2015    5,339,983
01/2016    5,869,759
01/2017    6,213,892
02/2016    5,280,381
02/2017    5,387,511
03/2006    5,088,556
03/2007    5,240,144
03/2008    5,232,233
03/2012    5,252,277
03/2013    5,385,531
03/2014    5,622,137
03/2015    5,916,774
03/2016    6,277,897
03/2017    6,525,366
04/2006    5,085,946
04/2007    5,172,120
04/2011    5,028,056
04/2012    5,160,973
04/2013    5,157,963
04/2014    5,614,336
04/2015    5,746,373
04/2016    6,109,205
04/2017    6,640,015
05/2006    5,176,330
05/2007    5,256,763
05/2008    5,247,792
05/2011    5,476,704
05/2012    5,412,646
05/2013    5,557,314
05/2014    5,925,513
05/2015    6,148,998
05/2016    6,571,091
05/2017    6,933,026
06/2006    5,509,853
06/2007    5,626,291
06/2008    5,538,956
06/2009    5,040,114
06/2010    5,311,142
06/2011    5,631,602
06/2012    5,739,649
06/2013    5,947,409
06/2014    6,373,135
06/2015    6,579,357
06/2016    7,230,571
06/2017    7,470,964
07/2006    5,919,529
07/2007    6,052,466
07/2008    5,790,776
07/2009    5,603,652
07/2010    5,692,210
07/2011    6,071,335
07/2012    6,190,236
07/2013    6,292,610
07/2014    6,709,940
07/2015    7,063,573
07/2016    7,621,225
07/2017    7,910,993
08/2006    5,745,000
08/2007    5,939,540
08/2008    5,714,031
08/2009    5,437,347
08/2010    5,617,610
08/2011    5,918,484
08/2012    6,093,051
08/2013    6,160,839
08/2014    6,595,721
08/2015    6,902,789
08/2016    7,344,648
08/2017    7,674,171
09/2012    5,053,923
09/2013    5,159,762
09/2014    5,478,410
09/2015    5,852,619
09/2016    6,375,328
10/2007    5,069,354
10/2011    5,124,462
10/2012    5,190,645
10/2013    5,386,378
10/2014    5,766,258
10/2015    6,183,076
10/2016    6,629,325
11/2014    5,288,012
11/2015    5,838,539
11/2016    6,272,290
12/2006    5,070,491
12/2007    5,186,354
12/2010    5,045,354
12/2011    5,025,839
12/2012    5,176,037
12/2013    5,606,038
12/2014    5,825,265
12/2015    6,196,206
12/2016    6,640,915

